-0.0488
-1.8984
0.7880
1.0315
-1.1197
2.3864
2.3837
0.5436
1.0909
0.8620
0.3199
1.6887
-0.2825
3.8748
0.3954
0.7709
2.2002
0.6889
0.4565
-0.6485
1.0416
-1.4043
1.6715
3.0353
-0.4377
1.8870
2.4810
-1.7906
-1.5614
1.4567
0.0002
1.6350
1.8234
1.6679
2.5354
1.6029
2.3863
-1.2037
0.5703
0.3649
-1.8061
0.9860
-0.9847
2.7227
-0.6076
1.3931
0.9290
-0.7829
-2.6560
0.5112
-0.9160
1.5217
1.3616
3.1386
1.4869
-0.3654
1.1705
-0.9137
0.5707
0.5277
0.6001
0.1232
2.2425
-2.2110
1.2423
1.9435
1.6964
1.4668
0.6605
1.6156
1.4534
0.2165
0.0338
0.1562
-1.6127
0.2490
0.7777
1.0722
2.7653
0.0735
1.5349
1.7986
2.0113
-0.8881
0.9181
0.9568
-0.9116
-0.5131
2.2234
0.4028
1.1848
0.7320
-0.3532
-0.2394
1.2655
-0.8249
1.7718
1.4534
-0.6326
0.2016
-1.1817
-2.7035
2.0795
-0.1780
1.0911